{
 "cells": [
  {
   "cell_type": "markdown",
   "metadata": {},
   "source": [
    "# COMP 562 Final Project Analysis"
   ]
  },
  {
   "cell_type": "markdown",
   "metadata": {},
   "source": [
    "#### Authors:\n",
    "Cooper Lee, James Tuong, Nathaniel Turner, Alan Vasquez"
   ]
  },
  {
   "cell_type": "code",
   "execution_count": 7,
   "metadata": {},
   "outputs": [],
   "source": [
    "import glob\n",
    "import numpy as np\n",
    "import matplotlib.pyplot as plt\n",
    "import pandas as pd\n",
    "import plotly.express as px\n",
    "\n",
    "\n",
    "from sklearn.model_selection import train_test_split\n",
    "from sklearn.metrics import accuracy_score\n",
    "from sklearn.ensemble import RandomForestClassifier\n"
   ]
  },
  {
   "cell_type": "markdown",
   "metadata": {},
   "source": [
    "Loading in the dataset and splitting into test and training set (may want to do each time for the different methods)"
   ]
  },
  {
   "cell_type": "code",
   "execution_count": 2,
   "metadata": {},
   "outputs": [],
   "source": [
    "dpath = \"data/heart.csv\"\n",
    "feature_names = [\"age\",\"sex\",\"cp\",\"trtbps\",\"chol\",\"fbs\",\"restecg\",\"thalachh\",\n",
    "                                 \"exng\",\"oldpeak\",\"slp\",\"caa\",\"thall\", \"output\"]\n",
    "\n",
    "data = np.genfromtxt(dpath, delimiter=\",\", skip_header=1, names=feature_names)\n",
    "\n",
    "heart_data = np.array([data[i] for i in feature_names[:-1]]).T\n",
    "heart_attack_odds = data[\"output\"]"
   ]
  },
  {
   "cell_type": "code",
   "execution_count": 3,
   "metadata": {},
   "outputs": [],
   "source": [
    "X_train, X_test, y_train, y_test = train_test_split(heart_data, heart_attack_odds, test_size=0.3,\n",
    "                                                    random_state=1, stratify=heart_attack_odds)"
   ]
  },
  {
   "cell_type": "markdown",
   "metadata": {},
   "source": [
    "Preliminary Data Analysis"
   ]
  },
  {
   "cell_type": "code",
   "execution_count": 13,
   "metadata": {},
   "outputs": [
    {
     "data": {
      "text/html": [
       "<div>\n",
       "<style scoped>\n",
       "    .dataframe tbody tr th:only-of-type {\n",
       "        vertical-align: middle;\n",
       "    }\n",
       "\n",
       "    .dataframe tbody tr th {\n",
       "        vertical-align: top;\n",
       "    }\n",
       "\n",
       "    .dataframe thead th {\n",
       "        text-align: right;\n",
       "    }\n",
       "</style>\n",
       "<table border=\"1\" class=\"dataframe\">\n",
       "  <thead>\n",
       "    <tr style=\"text-align: right;\">\n",
       "      <th></th>\n",
       "      <th>age</th>\n",
       "      <th>sex</th>\n",
       "      <th>cp</th>\n",
       "      <th>trtbps</th>\n",
       "      <th>chol</th>\n",
       "      <th>fbs</th>\n",
       "      <th>restecg</th>\n",
       "      <th>thalachh</th>\n",
       "      <th>exng</th>\n",
       "      <th>oldpeak</th>\n",
       "      <th>slp</th>\n",
       "      <th>caa</th>\n",
       "      <th>thall</th>\n",
       "      <th>output</th>\n",
       "    </tr>\n",
       "  </thead>\n",
       "  <tbody>\n",
       "    <tr>\n",
       "      <th>age</th>\n",
       "      <td>1.000000</td>\n",
       "      <td>-0.098447</td>\n",
       "      <td>-0.068653</td>\n",
       "      <td>0.279351</td>\n",
       "      <td>0.213678</td>\n",
       "      <td>0.121308</td>\n",
       "      <td>-0.116211</td>\n",
       "      <td>-0.398522</td>\n",
       "      <td>0.096801</td>\n",
       "      <td>0.210013</td>\n",
       "      <td>-0.168814</td>\n",
       "      <td>0.276326</td>\n",
       "      <td>0.068001</td>\n",
       "      <td>-0.225439</td>\n",
       "    </tr>\n",
       "    <tr>\n",
       "      <th>sex</th>\n",
       "      <td>-0.098447</td>\n",
       "      <td>1.000000</td>\n",
       "      <td>-0.049353</td>\n",
       "      <td>-0.056769</td>\n",
       "      <td>-0.197912</td>\n",
       "      <td>0.045032</td>\n",
       "      <td>-0.058196</td>\n",
       "      <td>-0.044020</td>\n",
       "      <td>0.141664</td>\n",
       "      <td>0.096093</td>\n",
       "      <td>-0.030711</td>\n",
       "      <td>0.118261</td>\n",
       "      <td>0.210041</td>\n",
       "      <td>-0.280937</td>\n",
       "    </tr>\n",
       "    <tr>\n",
       "      <th>cp</th>\n",
       "      <td>-0.068653</td>\n",
       "      <td>-0.049353</td>\n",
       "      <td>1.000000</td>\n",
       "      <td>0.047608</td>\n",
       "      <td>-0.076904</td>\n",
       "      <td>0.094444</td>\n",
       "      <td>0.044421</td>\n",
       "      <td>0.295762</td>\n",
       "      <td>-0.394280</td>\n",
       "      <td>-0.149230</td>\n",
       "      <td>0.119717</td>\n",
       "      <td>-0.181053</td>\n",
       "      <td>-0.161736</td>\n",
       "      <td>0.433798</td>\n",
       "    </tr>\n",
       "    <tr>\n",
       "      <th>trtbps</th>\n",
       "      <td>0.279351</td>\n",
       "      <td>-0.056769</td>\n",
       "      <td>0.047608</td>\n",
       "      <td>1.000000</td>\n",
       "      <td>0.123174</td>\n",
       "      <td>0.177531</td>\n",
       "      <td>-0.114103</td>\n",
       "      <td>-0.046698</td>\n",
       "      <td>0.067616</td>\n",
       "      <td>0.193216</td>\n",
       "      <td>-0.121475</td>\n",
       "      <td>0.101389</td>\n",
       "      <td>0.062210</td>\n",
       "      <td>-0.144931</td>\n",
       "    </tr>\n",
       "    <tr>\n",
       "      <th>chol</th>\n",
       "      <td>0.213678</td>\n",
       "      <td>-0.197912</td>\n",
       "      <td>-0.076904</td>\n",
       "      <td>0.123174</td>\n",
       "      <td>1.000000</td>\n",
       "      <td>0.013294</td>\n",
       "      <td>-0.151040</td>\n",
       "      <td>-0.009940</td>\n",
       "      <td>0.067023</td>\n",
       "      <td>0.053952</td>\n",
       "      <td>-0.004038</td>\n",
       "      <td>0.070511</td>\n",
       "      <td>0.098803</td>\n",
       "      <td>-0.085239</td>\n",
       "    </tr>\n",
       "    <tr>\n",
       "      <th>fbs</th>\n",
       "      <td>0.121308</td>\n",
       "      <td>0.045032</td>\n",
       "      <td>0.094444</td>\n",
       "      <td>0.177531</td>\n",
       "      <td>0.013294</td>\n",
       "      <td>1.000000</td>\n",
       "      <td>-0.084189</td>\n",
       "      <td>-0.008567</td>\n",
       "      <td>0.025665</td>\n",
       "      <td>0.005747</td>\n",
       "      <td>-0.059894</td>\n",
       "      <td>0.137979</td>\n",
       "      <td>-0.032019</td>\n",
       "      <td>-0.028046</td>\n",
       "    </tr>\n",
       "    <tr>\n",
       "      <th>restecg</th>\n",
       "      <td>-0.116211</td>\n",
       "      <td>-0.058196</td>\n",
       "      <td>0.044421</td>\n",
       "      <td>-0.114103</td>\n",
       "      <td>-0.151040</td>\n",
       "      <td>-0.084189</td>\n",
       "      <td>1.000000</td>\n",
       "      <td>0.044123</td>\n",
       "      <td>-0.070733</td>\n",
       "      <td>-0.058770</td>\n",
       "      <td>0.093045</td>\n",
       "      <td>-0.072042</td>\n",
       "      <td>-0.011981</td>\n",
       "      <td>0.137230</td>\n",
       "    </tr>\n",
       "    <tr>\n",
       "      <th>thalachh</th>\n",
       "      <td>-0.398522</td>\n",
       "      <td>-0.044020</td>\n",
       "      <td>0.295762</td>\n",
       "      <td>-0.046698</td>\n",
       "      <td>-0.009940</td>\n",
       "      <td>-0.008567</td>\n",
       "      <td>0.044123</td>\n",
       "      <td>1.000000</td>\n",
       "      <td>-0.378812</td>\n",
       "      <td>-0.344187</td>\n",
       "      <td>0.386784</td>\n",
       "      <td>-0.213177</td>\n",
       "      <td>-0.096439</td>\n",
       "      <td>0.421741</td>\n",
       "    </tr>\n",
       "    <tr>\n",
       "      <th>exng</th>\n",
       "      <td>0.096801</td>\n",
       "      <td>0.141664</td>\n",
       "      <td>-0.394280</td>\n",
       "      <td>0.067616</td>\n",
       "      <td>0.067023</td>\n",
       "      <td>0.025665</td>\n",
       "      <td>-0.070733</td>\n",
       "      <td>-0.378812</td>\n",
       "      <td>1.000000</td>\n",
       "      <td>0.288223</td>\n",
       "      <td>-0.257748</td>\n",
       "      <td>0.115739</td>\n",
       "      <td>0.206754</td>\n",
       "      <td>-0.436757</td>\n",
       "    </tr>\n",
       "    <tr>\n",
       "      <th>oldpeak</th>\n",
       "      <td>0.210013</td>\n",
       "      <td>0.096093</td>\n",
       "      <td>-0.149230</td>\n",
       "      <td>0.193216</td>\n",
       "      <td>0.053952</td>\n",
       "      <td>0.005747</td>\n",
       "      <td>-0.058770</td>\n",
       "      <td>-0.344187</td>\n",
       "      <td>0.288223</td>\n",
       "      <td>1.000000</td>\n",
       "      <td>-0.577537</td>\n",
       "      <td>0.222682</td>\n",
       "      <td>0.210244</td>\n",
       "      <td>-0.430696</td>\n",
       "    </tr>\n",
       "    <tr>\n",
       "      <th>slp</th>\n",
       "      <td>-0.168814</td>\n",
       "      <td>-0.030711</td>\n",
       "      <td>0.119717</td>\n",
       "      <td>-0.121475</td>\n",
       "      <td>-0.004038</td>\n",
       "      <td>-0.059894</td>\n",
       "      <td>0.093045</td>\n",
       "      <td>0.386784</td>\n",
       "      <td>-0.257748</td>\n",
       "      <td>-0.577537</td>\n",
       "      <td>1.000000</td>\n",
       "      <td>-0.080155</td>\n",
       "      <td>-0.104764</td>\n",
       "      <td>0.345877</td>\n",
       "    </tr>\n",
       "    <tr>\n",
       "      <th>caa</th>\n",
       "      <td>0.276326</td>\n",
       "      <td>0.118261</td>\n",
       "      <td>-0.181053</td>\n",
       "      <td>0.101389</td>\n",
       "      <td>0.070511</td>\n",
       "      <td>0.137979</td>\n",
       "      <td>-0.072042</td>\n",
       "      <td>-0.213177</td>\n",
       "      <td>0.115739</td>\n",
       "      <td>0.222682</td>\n",
       "      <td>-0.080155</td>\n",
       "      <td>1.000000</td>\n",
       "      <td>0.151832</td>\n",
       "      <td>-0.391724</td>\n",
       "    </tr>\n",
       "    <tr>\n",
       "      <th>thall</th>\n",
       "      <td>0.068001</td>\n",
       "      <td>0.210041</td>\n",
       "      <td>-0.161736</td>\n",
       "      <td>0.062210</td>\n",
       "      <td>0.098803</td>\n",
       "      <td>-0.032019</td>\n",
       "      <td>-0.011981</td>\n",
       "      <td>-0.096439</td>\n",
       "      <td>0.206754</td>\n",
       "      <td>0.210244</td>\n",
       "      <td>-0.104764</td>\n",
       "      <td>0.151832</td>\n",
       "      <td>1.000000</td>\n",
       "      <td>-0.344029</td>\n",
       "    </tr>\n",
       "    <tr>\n",
       "      <th>output</th>\n",
       "      <td>-0.225439</td>\n",
       "      <td>-0.280937</td>\n",
       "      <td>0.433798</td>\n",
       "      <td>-0.144931</td>\n",
       "      <td>-0.085239</td>\n",
       "      <td>-0.028046</td>\n",
       "      <td>0.137230</td>\n",
       "      <td>0.421741</td>\n",
       "      <td>-0.436757</td>\n",
       "      <td>-0.430696</td>\n",
       "      <td>0.345877</td>\n",
       "      <td>-0.391724</td>\n",
       "      <td>-0.344029</td>\n",
       "      <td>1.000000</td>\n",
       "    </tr>\n",
       "  </tbody>\n",
       "</table>\n",
       "</div>"
      ],
      "text/plain": [
       "               age       sex        cp    trtbps      chol       fbs  \\\n",
       "age       1.000000 -0.098447 -0.068653  0.279351  0.213678  0.121308   \n",
       "sex      -0.098447  1.000000 -0.049353 -0.056769 -0.197912  0.045032   \n",
       "cp       -0.068653 -0.049353  1.000000  0.047608 -0.076904  0.094444   \n",
       "trtbps    0.279351 -0.056769  0.047608  1.000000  0.123174  0.177531   \n",
       "chol      0.213678 -0.197912 -0.076904  0.123174  1.000000  0.013294   \n",
       "fbs       0.121308  0.045032  0.094444  0.177531  0.013294  1.000000   \n",
       "restecg  -0.116211 -0.058196  0.044421 -0.114103 -0.151040 -0.084189   \n",
       "thalachh -0.398522 -0.044020  0.295762 -0.046698 -0.009940 -0.008567   \n",
       "exng      0.096801  0.141664 -0.394280  0.067616  0.067023  0.025665   \n",
       "oldpeak   0.210013  0.096093 -0.149230  0.193216  0.053952  0.005747   \n",
       "slp      -0.168814 -0.030711  0.119717 -0.121475 -0.004038 -0.059894   \n",
       "caa       0.276326  0.118261 -0.181053  0.101389  0.070511  0.137979   \n",
       "thall     0.068001  0.210041 -0.161736  0.062210  0.098803 -0.032019   \n",
       "output   -0.225439 -0.280937  0.433798 -0.144931 -0.085239 -0.028046   \n",
       "\n",
       "           restecg  thalachh      exng   oldpeak       slp       caa  \\\n",
       "age      -0.116211 -0.398522  0.096801  0.210013 -0.168814  0.276326   \n",
       "sex      -0.058196 -0.044020  0.141664  0.096093 -0.030711  0.118261   \n",
       "cp        0.044421  0.295762 -0.394280 -0.149230  0.119717 -0.181053   \n",
       "trtbps   -0.114103 -0.046698  0.067616  0.193216 -0.121475  0.101389   \n",
       "chol     -0.151040 -0.009940  0.067023  0.053952 -0.004038  0.070511   \n",
       "fbs      -0.084189 -0.008567  0.025665  0.005747 -0.059894  0.137979   \n",
       "restecg   1.000000  0.044123 -0.070733 -0.058770  0.093045 -0.072042   \n",
       "thalachh  0.044123  1.000000 -0.378812 -0.344187  0.386784 -0.213177   \n",
       "exng     -0.070733 -0.378812  1.000000  0.288223 -0.257748  0.115739   \n",
       "oldpeak  -0.058770 -0.344187  0.288223  1.000000 -0.577537  0.222682   \n",
       "slp       0.093045  0.386784 -0.257748 -0.577537  1.000000 -0.080155   \n",
       "caa      -0.072042 -0.213177  0.115739  0.222682 -0.080155  1.000000   \n",
       "thall    -0.011981 -0.096439  0.206754  0.210244 -0.104764  0.151832   \n",
       "output    0.137230  0.421741 -0.436757 -0.430696  0.345877 -0.391724   \n",
       "\n",
       "             thall    output  \n",
       "age       0.068001 -0.225439  \n",
       "sex       0.210041 -0.280937  \n",
       "cp       -0.161736  0.433798  \n",
       "trtbps    0.062210 -0.144931  \n",
       "chol      0.098803 -0.085239  \n",
       "fbs      -0.032019 -0.028046  \n",
       "restecg  -0.011981  0.137230  \n",
       "thalachh -0.096439  0.421741  \n",
       "exng      0.206754 -0.436757  \n",
       "oldpeak   0.210244 -0.430696  \n",
       "slp      -0.104764  0.345877  \n",
       "caa       0.151832 -0.391724  \n",
       "thall     1.000000 -0.344029  \n",
       "output   -0.344029  1.000000  "
      ]
     },
     "execution_count": 13,
     "metadata": {},
     "output_type": "execute_result"
    }
   ],
   "source": [
    "df=pd.read_csv(dpath)\n",
    " \n",
    "// Split Dataset into Categorical, Continous, and Output\n",
    "cat_cols = ['sex','exng','caa','cp','fbs','restecg','slp','thall']\n",
    "con_cols = [\"age\",\"trtbps\",\"chol\",\"thalachh\",\"oldpeak\"]\n",
    "target_col = [\"output\"]\n",
    "\n",
    "px.imshow(df['con_cols'].corr(),title=\"Correlation Plot of the Heat Failure Prediction\")\n",
    "\n",
    "corr = df.corr()\n"
   ]
  },
  {
   "cell_type": "markdown",
   "metadata": {},
   "source": [
    "## Method 1: Binary Tree"
   ]
  },
  {
   "cell_type": "code",
   "execution_count": null,
   "metadata": {},
   "outputs": [],
   "source": []
  },
  {
   "cell_type": "code",
   "execution_count": null,
   "metadata": {},
   "outputs": [],
   "source": []
  },
  {
   "cell_type": "markdown",
   "metadata": {},
   "source": [
    "## Method 2: Random Forest"
   ]
  },
  {
   "cell_type": "code",
   "execution_count": 4,
   "metadata": {},
   "outputs": [
    {
     "data": {
      "text/plain": [
       "RandomForestClassifier(n_estimators=5, n_jobs=2, random_state=1)"
      ]
     },
     "execution_count": 4,
     "metadata": {},
     "output_type": "execute_result"
    }
   ],
   "source": [
    "forest = RandomForestClassifier(criterion='gini',\n",
    "                                 n_estimators=5,\n",
    "                                 random_state=1,\n",
    "                                 n_jobs=2)\n",
    "forest.fit(X_train, y_train)"
   ]
  },
  {
   "cell_type": "code",
   "execution_count": 5,
   "metadata": {},
   "outputs": [
    {
     "name": "stdout",
     "output_type": "stream",
     "text": [
      "Accuracy: 0.835\n"
     ]
    }
   ],
   "source": [
    "y_pred = forest.predict(X_test)\n",
    "print('Accuracy: %.3f' % accuracy_score(y_test, y_pred))"
   ]
  },
  {
   "cell_type": "markdown",
   "metadata": {},
   "source": [
    "## Method 3: Logistic Regression"
   ]
  },
  {
   "cell_type": "code",
   "execution_count": null,
   "metadata": {},
   "outputs": [],
   "source": []
  }
 ],
 "metadata": {
  "kernelspec": {
   "display_name": "Python 3 (ipykernel)",
   "language": "python",
   "name": "python3"
  },
  "language_info": {
   "codemirror_mode": {
    "name": "ipython",
    "version": 3
   },
   "file_extension": ".py",
   "mimetype": "text/x-python",
   "name": "python",
   "nbconvert_exporter": "python",
   "pygments_lexer": "ipython3",
   "version": "3.9.12"
  }
 },
 "nbformat": 4,
 "nbformat_minor": 2
}
